12.1694
12.8436
17.7117
13.4373
16.9851
18.3069
17.4731
14.518
16.0037
12.0343
15.5733
16.7694
15.4657
15.335
17.5363
16.4935
16.7756
18.0153
17.7149
19.0979
16.6202
19.4358
18.2939
17.7551
16.7639
18.6293
18.0213
19.9702
18.5238
18.2747
16.476
17.7173
15.7567
14.5935
12.2548
12.0836
13.4473
14.8658
13.5204
14.6097
16.5643
15.9629
14.9528
13.4825
15.3799
18.2293
15.268
15.3465
16.0329
17.9067
18.2844
18.0669
18.5617
17.8628
17.3233
17.8014
17.2897
17.8261
19.2763
18.9101
19.5953
18.7556
15.3605
16.9236
18.4962
17.2077
18.5065
18.5554
19.9501
15.8205
14.7251
15.2064
12.834
14.7479
17.2809
20.0353
21.0091
21.3996
20.5452
19.9484
20.4716
17.9193
20.0061
16.3062
15.0324
14.0778
16.5568
18.3798
20.3081
21.0703
19.9777
16.7588
18.9931
20.4854
18.3499
19.3939
22.824
21.1247
25.6216
24.2678
20.9192
